EW,NS,CCD,Quad
2.781842,-2.866617,1,0
2.782178,-2.003445,1,0
3.645452,-2.001932,1,0
3.645011,-2.865003,1,0
1.918673,-2.868231,1,1
1.918905,-2.004957,1,1
2.782178,-2.003445,1,1
2.781842,-2.866617,1,1
1.918441,-3.731505,1,2
1.918673,-2.868231,1,2
2.781842,-2.866617,1,2
2.781506,-3.729789,1,2
2.781506,-3.729789,1,3
2.781842,-2.866617,1,3
3.645011,-2.865003,1,3
3.644571,-3.728073,1,3
0.925368,-2.867089,2,4
0.925480,-2.003773,2,4
1.788830,-2.003269,2,4
1.788615,-2.866551,2,4
0.062121,-2.867626,2,5
0.062129,-2.004276,2,5
0.925480,-2.003773,2,5
0.925368,-2.867089,2,5
0.062113,-3.730976,2,6
0.062121,-2.867626,2,6
0.925368,-2.867089,2,6
0.925257,-3.730405,2,6
0.925257,-3.730405,2,7
0.925368,-2.867089,2,7
1.788615,-2.866551,2,7
1.788400,-3.729834,2,7
-0.927354,-2.866624,3,8
-0.927466,-2.003308,3,8
-0.064115,-2.003812,3,8
-0.064107,-2.867162,3,8
-1.790602,-2.866085,3,9
-1.790817,-2.002803,3,9
-0.927466,-2.003308,3,9
-0.927354,-2.866624,3,9
-1.790386,-3.729368,3,10
-1.790602,-2.866085,3,10
-0.927354,-2.866624,3,10
-0.927243,-3.729940,3,10
-0.927243,-3.729940,3,11
-0.927354,-2.866624,3,11
-0.064107,-2.867162,3,11
-0.064099,-3.730512,3,11
-2.783784,-2.866443,4,12
-2.784121,-2.003271,4,12
-1.920848,-2.004785,4,12
-1.920615,-2.868059,4,12
-3.646954,-2.864828,4,13
-3.647394,-2.001758,4,13
-2.784121,-2.003271,4,13
-2.783784,-2.866443,4,13
-3.646513,-3.727898,4,14
-3.646954,-2.864828,4,14
-2.783784,-2.866443,4,14
-2.783448,-3.729616,4,14
-2.783448,-3.729616,4,15
-2.783784,-2.866443,4,15
-1.920615,-2.868059,4,15
-1.920383,-3.731333,4,15
2.782269,-0.953690,5,16
2.782380,-0.090435,5,16
3.645736,-0.089998,5,16
3.645589,-0.953153,5,16
1.918948,-0.954227,5,17
1.919025,-0.090871,5,17
2.782380,-0.090435,5,17
2.782269,-0.953690,5,17
1.918871,-1.817584,5,18
1.918948,-0.954227,5,18
2.782269,-0.953690,5,18
2.782157,-1.816946,5,18
2.782157,-1.816946,5,19
2.782269,-0.953690,5,19
3.645589,-0.953153,5,19
3.645443,-1.816309,5,19
0.925214,-0.953862,6,20
0.925251,-0.090464,6,20
1.788683,-0.090319,6,20
1.788612,-0.953684,6,20
0.061817,-0.954040,6,21
0.061819,-0.090609,6,21
0.925251,-0.090464,6,21
0.925214,-0.953862,6,21
0.061814,-1.817472,6,22
0.061817,-0.954040,6,22
0.925214,-0.953862,6,22
0.925177,-1.817260,6,22
0.925177,-1.817260,6,23
0.925214,-0.953862,6,23
1.788612,-0.953684,6,23
1.788540,-1.817048,6,23
-0.926128,-0.953425,7,24
-0.926165,-0.090026,7,24
-0.062733,-0.090172,7,24
-0.062730,-0.953603,7,24
-1.789526,-0.953246,7,25
-1.789597,-0.089881,7,25
-0.926165,-0.090026,7,25
-0.926128,-0.953425,7,25
-1.789454,-1.816611,7,26
-1.789526,-0.953246,7,26
-0.926128,-0.953425,7,26
-0.926091,-1.816823,7,26
-0.926091,-1.816823,7,27
-0.926128,-0.953425,7,27
-0.062730,-0.953603,7,27
-0.062727,-1.817035,7,27
-2.783241,-0.953442,8,28
-2.783353,-0.090186,8,28
-1.919998,-0.090622,8,28
-1.919921,-0.953978,8,28
-3.646562,-0.952905,8,29
-3.646708,-0.089749,8,29
-2.783353,-0.090186,8,29
-2.783241,-0.953442,8,29
-3.646416,-1.816060,8,30
-3.646562,-0.952905,8,30
-2.783241,-0.953442,8,30
-2.783130,-1.816698,8,30
-2.783130,-1.816698,8,31
-2.783241,-0.953442,8,31
-1.919921,-0.953978,8,31
-1.919844,-1.817335,8,31
2.783117,0.954110,9,32
2.783006,1.817365,9,32
3.646292,1.816728,9,32
3.646438,0.953572,9,32
1.919797,0.954647,9,33
1.919720,1.818003,9,33
2.783006,1.817365,9,33
2.783117,0.954110,9,33
1.919874,0.091290,9,34
1.919797,0.954647,9,34
2.783117,0.954110,9,34
2.783229,0.090854,9,34
2.783229,0.090854,9,35
2.783117,0.954110,9,35
3.646438,0.953572,9,35
3.646584,0.090417,9,35
0.926272,0.954129,10,36
0.926234,1.817527,10,36
1.789598,1.817315,10,36
1.789670,0.953951,10,36
0.062873,0.954307,10,37
0.062871,1.817739,10,37
0.926234,1.817527,10,37
0.926272,0.954129,10,37
0.062876,0.090876,10,38
0.062873,0.954307,10,38
0.926272,0.954129,10,38
0.926308,0.090731,10,38
0.926308,0.090731,10,39
0.926272,0.954129,10,39
1.789670,0.953951,10,39
1.789741,0.090586,10,39
-0.925944,0.954699,11,40
-0.925907,1.818096,11,40
-0.062544,1.818309,11,40
-0.062547,0.954877,11,40
-1.789342,0.954519,11,41
-1.789270,1.817884,11,41
-0.925907,1.818096,11,41
-0.925944,0.954699,11,41
-1.789413,0.091155,11,42
-1.789342,0.954519,11,42
-0.925944,0.954699,11,42
-0.925981,0.091301,11,42
-0.925981,0.091301,11,43
-0.925944,0.954699,11,43
-0.062547,0.954877,11,43
-0.062549,0.091446,11,43
-2.783095,0.954371,12,44
-2.782984,1.817627,12,44
-1.919698,1.818266,12,44
-1.919775,0.954909,12,44
-3.646416,0.953834,12,45
-3.646270,1.816989,12,45
-2.782984,1.817627,12,45
-2.783095,0.954371,12,45
-3.646562,0.090679,12,46
-3.646416,0.953834,12,46
-2.783095,0.954371,12,46
-2.783207,0.091115,12,46
-2.783207,0.091115,12,47
-2.783095,0.954371,12,47
-1.919775,0.954909,12,47
-1.919852,0.091552,12,47
2.782814,2.866333,13,48
2.782478,3.729505,13,48
3.645543,3.727789,13,48
3.645983,2.864718,13,48
1.919645,2.867948,13,49
1.919413,3.731221,13,49
2.782478,3.729505,13,49
2.782814,2.866333,13,49
1.919878,2.004674,13,50
1.919645,2.867948,13,50
2.782814,2.866333,13,50
2.783151,2.003161,13,50
2.783151,2.003161,13,51
2.782814,2.866333,13,51
3.645983,2.864718,13,51
3.646424,2.001648,13,51
0.926383,2.866646,14,52
0.926272,3.729962,14,52
1.789415,3.729391,14,52
1.789630,2.866109,14,52
0.063136,2.867184,14,53
0.063128,3.730533,14,53
0.926272,3.729962,14,53
0.926383,2.866646,14,53
0.063143,2.003834,14,54
0.063136,2.867184,14,54
0.926383,2.866646,14,54
0.926494,2.003330,14,54
0.926494,2.003330,14,55
0.926383,2.866646,14,55
1.789630,2.866109,14,55
1.789845,2.002826,14,55
-0.925905,2.867514,15,56
-0.925794,3.730829,15,56
-0.062651,3.731401,15,56
-0.062659,2.868051,15,56
-1.789152,2.866976,15,57
-1.788937,3.730258,15,57
-0.925794,3.730829,15,57
-0.925905,2.867514,15,57
-1.789367,2.003694,15,58
-1.789152,2.866976,15,58
-0.925905,2.867514,15,58
-0.926017,2.004198,15,58
-0.926017,2.004198,15,59
-0.925905,2.867514,15,59
-0.062659,2.868051,15,59
-0.062666,2.004701,15,59
-2.782243,2.867352,16,60
-2.781907,3.730524,16,60
-1.918842,3.732241,16,60
-1.919074,2.868968,16,60
-3.645412,2.865737,16,61
-3.644972,3.728808,16,61
-2.781907,3.730524,16,61
-2.782243,2.867352,16,61
-3.645853,2.002667,16,62
-3.645412,2.865737,16,62
-2.782243,2.867352,16,62
-2.782579,2.004180,16,62
-2.782579,2.004180,16,63
-2.782243,2.867352,16,63
-1.919074,2.868968,16,63
-1.919306,2.005694,16,63